Objective = 0.001976
x1 = 0.000000
x2 = 0.000000
x3 = 0.000033
x4 = 0.000000
x5 = 0.000098
x6 = 0.000000
x7 = 0.000000
x8 = 0.000000
x9 = 0.000028
x10 = 0.000000
x11 = 0.000000
x12 = 0.000000
x13 = 0.000000
x14 = 0.000000
x15 = 0.000003
x16 = 0.000000
x17 = 0.000000
x18 = 0.000000
x19 = 0.000000
x20 = 0.000000
x21 = 0.000000
x22 = 0.000000
x23 = 0.000000
x24 = 0.000000
x25 = 0.000000
x26 = 0.000000
x27 = 0.000000
x28 = 0.000000
x29 = 0.000000
x30 = 0.000000
x31 = 0.000060
x32 = 0.000000
x33 = 0.000033
x34 = 0.000000
x35 = 0.000002
x36 = 0.000000
x37 = 0.000000
x38 = 0.000000
x39 = 0.000070
x40 = 0.000000
x41 = 0.000001
x42 = 0.000095
x43 = 0.000000
x44 = 0.000000
x45 = 0.000000
x46 = 0.000000
x47 = 0.000000
x48 = 0.000000
x49 = 0.000000
x50 = 0.000084
x51 = 0.000000
x52 = 0.000000
x53 = 0.000041
x54 = 0.000000
x55 = 0.000000
x56 = 0.000000
x57 = 0.000000
x58 = 0.000000
x59 = 0.000000
x60 = 0.000000
x61 = 0.000000
x62 = 0.000000
x63 = 0.000019
x64 = 0.000038
x65 = 0.000000
x66 = 0.000067
x67 = 0.000000
x68 = 0.000000
x69 = 0.000000
x70 = 0.000000
x71 = 0.000000
x72 = 0.000000
x73 = 0.000008
x74 = 0.000000
x75 = 0.000000
x76 = 0.000000
x77 = 0.000000
x78 = 0.000000
x79 = 0.000000
x80 = 0.000004
x81 = 0.000027
x82 = 0.000000
x83 = 0.000000
x84 = 0.000022
x85 = 0.000000
x86 = 0.000000
x87 = 0.000104
x88 = 0.000000
x89 = 0.000124
x90 = 0.000000
x91 = 0.000000
x92 = 0.000000
x93 = 0.000000
x94 = 0.000000
x95 = 0.000101
x96 = 0.000009
x97 = 0.000000
x98 = 0.000000
x99 = 0.000000
x100 = 0.000000
x101 = 0.000000
x102 = 0.000000
x103 = 0.000000
x104 = 0.000000
x105 = 0.000054
x106 = 0.000000
x107 = 0.000026
x108 = 0.000000
x109 = 0.000003
x110 = 0.000000
x111 = 0.000000
x112 = 0.000000
x113 = 0.000000
x114 = 0.000000
x115 = 0.000000
x116 = 0.000000
x117 = 0.000000
x118 = 0.000043
x119 = 0.000000
x120 = 0.000000
x121 = 0.000000
x122 = 0.000000
x123 = 0.000041
x124 = 0.000000
x125 = 0.000000
x126 = 0.000046
x127 = 0.000091
x128 = 0.000000
x129 = 0.000000
x130 = 0.000000
x131 = 0.000000
x132 = 0.000015
x133 = 0.000000
x134 = 0.000000
x135 = 0.000000
x136 = 0.000000
x137 = 0.000000
x138 = 0.000000
x139 = 0.000000
x140 = 0.000000
x141 = 0.000062
x142 = 0.000000
x143 = 0.000000
x144 = 0.000090
x145 = 0.000000
x146 = 0.000000
x147 = 0.000000
x148 = 0.000000
x149 = 0.000000
x150 = 0.000000
x151 = 0.000017
x152 = 0.000000
x153 = 0.000000
x154 = 0.000000
x155 = 0.000000
x156 = 0.000000
x157 = 0.000000
x158 = 0.000000
x159 = 0.000000
x160 = 0.000096
x161 = 0.000000
x162 = 0.000071
x163 = 0.000000
x164 = 0.000000
x165 = 0.000006
x166 = 0.000040
x167 = 0.000000
x168 = 0.000000
x169 = 0.000000
x170 = 0.000000
x171 = 0.000041
x172 = 0.000000
x173 = 0.000069
x174 = 0.000027
x175 = 0.000000
x176 = 0.000025
x177 = 0.000000
x178 = 0.000040
x179 = 0.000000
x180 = 0.000000
x181 = 0.000000
x182 = 0.000000
x183 = 0.000002
x184 = -0.004352
x185 = -0.000841
x186 = 0.000565
x187 = -0.002169
x188 = 0.000739
x189 = 0.002568
x190 = -0.000152
x191 = 0.000176
x192 = 0.000958
x193 = 0.000073
x194 = 0.001733
x195 = 0.001441
x196 = -0.000209
x197 = -0.000222
x198 = -0.000368
x199 = 0.000524
x200 = -0.000115
x201 = 0.001239
x202 = -0.000469
x203 = -0.000235
x204 = -0.000200
x205 = 0.001849
x206 = 0.000760
x207 = 0.000840
x208 = 0.000127
x209 = 0.002160
x210 = 0.001509
